 L=               2.0000000
stifks =      10.000000000000000
stifkn =      20.000000000000000
 
iav =           1
is =           1
 
pia =               0.0000000
rca =               4.0000000
pias =               0.0000000
av(1) =       2.792526880900065
av(2) =       8.377580642700195
av(3) =       4.188790321350098
 rotation matrix
  0.10000E+01   0.00000E+00   0.00000E+00   0.00000E+00
  0.00000E+00   0.10000E+01   0.00000E+00   0.00000E+00
  0.00000E+00   0.00000E+00   0.10000E+01   0.00000E+00
  0.00000E+00   0.00000E+00   0.00000E+00   0.10000E+01
 sie matrix
  0.10000E+02   0.00000E+00  -0.10000E+02   0.00000E+00
  0.00000E+00   0.00000E+00   0.00000E+00   0.00000E+00
 -0.10000E+02   0.00000E+00   0.10000E+02   0.00000E+00
  0.00000E+00   0.00000E+00   0.00000E+00   0.00000E+00
 sie1 matrix
  0.10000E+02   0.00000E+00  -0.10000E+02   0.00000E+00
  0.00000E+00   0.00000E+00   0.00000E+00   0.00000E+00
 -0.10000E+02   0.00000E+00   0.10000E+02   0.00000E+00
  0.00000E+00   0.00000E+00   0.00000E+00   0.00000E+00
 sie2 matrix
  0.10000E+02   0.00000E+00  -0.10000E+02   0.00000E+00
  0.00000E+00   0.00000E+00   0.00000E+00   0.00000E+00
 -0.10000E+02   0.00000E+00   0.10000E+02   0.00000E+00
  0.00000E+00   0.00000E+00   0.00000E+00   0.00000E+00
 s matrix
  0.27925E+02  0.00000E+00 -0.27925E+02  0.00000E+00  0.00000E+00  0.00000E+00  0.00000E+00  0.00000E+00  0.00000E+00  0.00000E+00  0.00000E+00  0.00000E+00
  0.00000E+00  0.00000E+00  0.00000E+00  0.00000E+00  0.00000E+00  0.00000E+00  0.00000E+00  0.00000E+00  0.00000E+00  0.00000E+00  0.00000E+00  0.00000E+00
 -0.27925E+02  0.00000E+00  0.27925E+02  0.00000E+00  0.00000E+00  0.00000E+00  0.00000E+00  0.00000E+00  0.00000E+00  0.00000E+00  0.00000E+00  0.00000E+00
  0.00000E+00  0.00000E+00  0.00000E+00  0.00000E+00  0.00000E+00  0.00000E+00  0.00000E+00  0.00000E+00  0.00000E+00  0.00000E+00  0.00000E+00  0.00000E+00
  0.00000E+00  0.00000E+00  0.00000E+00  0.00000E+00  0.00000E+00  0.00000E+00  0.00000E+00  0.00000E+00  0.00000E+00  0.00000E+00  0.00000E+00  0.00000E+00
  0.00000E+00  0.00000E+00  0.00000E+00  0.00000E+00  0.00000E+00  0.00000E+00  0.00000E+00  0.00000E+00  0.00000E+00  0.00000E+00  0.00000E+00  0.00000E+00
  0.00000E+00  0.00000E+00  0.00000E+00  0.00000E+00  0.00000E+00  0.00000E+00  0.00000E+00  0.00000E+00  0.00000E+00  0.00000E+00  0.00000E+00  0.00000E+00
  0.00000E+00  0.00000E+00  0.00000E+00  0.00000E+00  0.00000E+00  0.00000E+00  0.00000E+00  0.00000E+00  0.00000E+00  0.00000E+00  0.00000E+00  0.00000E+00
  0.00000E+00  0.00000E+00  0.00000E+00  0.00000E+00  0.00000E+00  0.00000E+00  0.00000E+00  0.00000E+00  0.00000E+00  0.00000E+00  0.00000E+00  0.00000E+00
  0.00000E+00  0.00000E+00  0.00000E+00  0.00000E+00  0.00000E+00  0.00000E+00  0.00000E+00  0.00000E+00  0.00000E+00  0.00000E+00  0.00000E+00  0.00000E+00
  0.00000E+00  0.00000E+00  0.00000E+00  0.00000E+00  0.00000E+00  0.00000E+00  0.00000E+00  0.00000E+00  0.00000E+00  0.00000E+00  0.00000E+00  0.00000E+00
  0.00000E+00  0.00000E+00  0.00000E+00  0.00000E+00  0.00000E+00  0.00000E+00  0.00000E+00  0.00000E+00  0.00000E+00  0.00000E+00  0.00000E+00  0.00000E+00
 
iav =           1
is =           2
 
pia =               1.5707963
rca =               4.0000000
pias =               0.0000000
av(1) =       2.792526880900065
av(2) =       8.377580642700195
av(3) =       4.188790321350098
 rotation matrix
  0.75498E-07  -0.10000E+01   0.00000E+00   0.00000E+00
  0.10000E+01   0.75498E-07   0.00000E+00   0.00000E+00
  0.00000E+00   0.00000E+00   0.75498E-07  -0.10000E+01
  0.00000E+00   0.00000E+00   0.10000E+01   0.75498E-07
 sie matrix
  0.20000E+02   0.00000E+00  -0.20000E+02   0.00000E+00
  0.00000E+00   0.00000E+00   0.00000E+00   0.00000E+00
 -0.20000E+02   0.00000E+00   0.20000E+02   0.00000E+00
  0.00000E+00   0.00000E+00   0.00000E+00   0.00000E+00
 sie1 matrix
  0.15100E-05   0.00000E+00  -0.15100E-05   0.00000E+00
  0.20000E+02   0.00000E+00  -0.20000E+02   0.00000E+00
 -0.15100E-05   0.00000E+00   0.15100E-05   0.00000E+00
 -0.20000E+02   0.00000E+00   0.20000E+02   0.00000E+00
 sie2 matrix
  0.11400E-12   0.15100E-05  -0.11400E-12  -0.15100E-05
  0.15100E-05   0.20000E+02  -0.15100E-05  -0.20000E+02
 -0.11400E-12  -0.15100E-05   0.11400E-12   0.15100E-05
 -0.15100E-05  -0.20000E+02   0.15100E-05   0.20000E+02
 s matrix
  0.27925E+02  0.42166E-05 -0.27925E+02 -0.42166E-05  0.00000E+00  0.00000E+00  0.00000E+00  0.00000E+00  0.00000E+00  0.00000E+00  0.00000E+00  0.00000E+00
  0.42166E-05  0.55851E+02 -0.42166E-05 -0.55851E+02  0.00000E+00  0.00000E+00  0.00000E+00  0.00000E+00  0.00000E+00  0.00000E+00  0.00000E+00  0.00000E+00
 -0.27925E+02 -0.42166E-05  0.27925E+02  0.42166E-05  0.00000E+00  0.00000E+00  0.00000E+00  0.00000E+00  0.00000E+00  0.00000E+00  0.00000E+00  0.00000E+00
 -0.42166E-05 -0.55851E+02  0.42166E-05  0.55851E+02  0.00000E+00  0.00000E+00  0.00000E+00  0.00000E+00  0.00000E+00  0.00000E+00  0.00000E+00  0.00000E+00
  0.00000E+00  0.00000E+00  0.00000E+00  0.00000E+00  0.00000E+00  0.00000E+00  0.00000E+00  0.00000E+00  0.00000E+00  0.00000E+00  0.00000E+00  0.00000E+00
  0.00000E+00  0.00000E+00  0.00000E+00  0.00000E+00  0.00000E+00  0.00000E+00  0.00000E+00  0.00000E+00  0.00000E+00  0.00000E+00  0.00000E+00  0.00000E+00
  0.00000E+00  0.00000E+00  0.00000E+00  0.00000E+00  0.00000E+00  0.00000E+00  0.00000E+00  0.00000E+00  0.00000E+00  0.00000E+00  0.00000E+00  0.00000E+00
  0.00000E+00  0.00000E+00  0.00000E+00  0.00000E+00  0.00000E+00  0.00000E+00  0.00000E+00  0.00000E+00  0.00000E+00  0.00000E+00  0.00000E+00  0.00000E+00
  0.00000E+00  0.00000E+00  0.00000E+00  0.00000E+00  0.00000E+00  0.00000E+00  0.00000E+00  0.00000E+00  0.00000E+00  0.00000E+00  0.00000E+00  0.00000E+00
  0.00000E+00  0.00000E+00  0.00000E+00  0.00000E+00  0.00000E+00  0.00000E+00  0.00000E+00  0.00000E+00  0.00000E+00  0.00000E+00  0.00000E+00  0.00000E+00
  0.00000E+00  0.00000E+00  0.00000E+00  0.00000E+00  0.00000E+00  0.00000E+00  0.00000E+00  0.00000E+00  0.00000E+00  0.00000E+00  0.00000E+00  0.00000E+00
  0.00000E+00  0.00000E+00  0.00000E+00  0.00000E+00  0.00000E+00  0.00000E+00  0.00000E+00  0.00000E+00  0.00000E+00  0.00000E+00  0.00000E+00  0.00000E+00
 
iav =           2
is =           1
 
pia =               0.0000000
rca =               4.0000000
pias =               0.0000000
av(1) =       2.792526880900065
av(2) =       8.377580642700195
av(3) =       4.188790321350098
 rotation matrix
  0.10000E+01   0.00000E+00   0.00000E+00   0.00000E+00
  0.00000E+00   0.10000E+01   0.00000E+00   0.00000E+00
  0.00000E+00   0.00000E+00   0.10000E+01   0.00000E+00
  0.00000E+00   0.00000E+00   0.00000E+00   0.10000E+01
 sie matrix
  0.10000E+02   0.00000E+00  -0.10000E+02   0.00000E+00
  0.00000E+00   0.00000E+00   0.00000E+00   0.00000E+00
 -0.10000E+02   0.00000E+00   0.10000E+02   0.00000E+00
  0.00000E+00   0.00000E+00   0.00000E+00   0.00000E+00
 sie1 matrix
  0.10000E+02   0.00000E+00  -0.10000E+02   0.00000E+00
  0.00000E+00   0.00000E+00   0.00000E+00   0.00000E+00
 -0.10000E+02   0.00000E+00   0.10000E+02   0.00000E+00
  0.00000E+00   0.00000E+00   0.00000E+00   0.00000E+00
 sie2 matrix
  0.10000E+02   0.00000E+00  -0.10000E+02   0.00000E+00
  0.00000E+00   0.00000E+00   0.00000E+00   0.00000E+00
 -0.10000E+02   0.00000E+00   0.10000E+02   0.00000E+00
  0.00000E+00   0.00000E+00   0.00000E+00   0.00000E+00
 s matrix
  0.27925E+02  0.42166E-05 -0.27925E+02 -0.42166E-05  0.00000E+00  0.00000E+00  0.00000E+00  0.00000E+00  0.00000E+00  0.00000E+00  0.00000E+00  0.00000E+00
  0.42166E-05  0.55851E+02 -0.42166E-05 -0.55851E+02  0.00000E+00  0.00000E+00  0.00000E+00  0.00000E+00  0.00000E+00  0.00000E+00  0.00000E+00  0.00000E+00
 -0.27925E+02 -0.42166E-05  0.27925E+02  0.42166E-05  0.00000E+00  0.00000E+00  0.00000E+00  0.00000E+00  0.00000E+00  0.00000E+00  0.00000E+00  0.00000E+00
 -0.42166E-05 -0.55851E+02  0.42166E-05  0.55851E+02  0.00000E+00  0.00000E+00  0.00000E+00  0.00000E+00  0.00000E+00  0.00000E+00  0.00000E+00  0.00000E+00
  0.00000E+00  0.00000E+00  0.00000E+00  0.00000E+00  0.83776E+02  0.00000E+00 -0.83776E+02  0.00000E+00  0.00000E+00  0.00000E+00  0.00000E+00  0.00000E+00
  0.00000E+00  0.00000E+00  0.00000E+00  0.00000E+00  0.00000E+00  0.00000E+00  0.00000E+00  0.00000E+00  0.00000E+00  0.00000E+00  0.00000E+00  0.00000E+00
  0.00000E+00  0.00000E+00  0.00000E+00  0.00000E+00 -0.83776E+02  0.00000E+00  0.83776E+02  0.00000E+00  0.00000E+00  0.00000E+00  0.00000E+00  0.00000E+00
  0.00000E+00  0.00000E+00  0.00000E+00  0.00000E+00  0.00000E+00  0.00000E+00  0.00000E+00  0.00000E+00  0.00000E+00  0.00000E+00  0.00000E+00  0.00000E+00
  0.00000E+00  0.00000E+00  0.00000E+00  0.00000E+00  0.00000E+00  0.00000E+00  0.00000E+00  0.00000E+00  0.00000E+00  0.00000E+00  0.00000E+00  0.00000E+00
  0.00000E+00  0.00000E+00  0.00000E+00  0.00000E+00  0.00000E+00  0.00000E+00  0.00000E+00  0.00000E+00  0.00000E+00  0.00000E+00  0.00000E+00  0.00000E+00
  0.00000E+00  0.00000E+00  0.00000E+00  0.00000E+00  0.00000E+00  0.00000E+00  0.00000E+00  0.00000E+00  0.00000E+00  0.00000E+00  0.00000E+00  0.00000E+00
  0.00000E+00  0.00000E+00  0.00000E+00  0.00000E+00  0.00000E+00  0.00000E+00  0.00000E+00  0.00000E+00  0.00000E+00  0.00000E+00  0.00000E+00  0.00000E+00
 
iav =           2
is =           2
 
pia =               1.5707963
rca =               4.0000000
pias =               0.0000000
av(1) =       2.792526880900065
av(2) =       8.377580642700195
av(3) =       4.188790321350098
 rotation matrix
  0.75498E-07  -0.10000E+01   0.00000E+00   0.00000E+00
  0.10000E+01   0.75498E-07   0.00000E+00   0.00000E+00
  0.00000E+00   0.00000E+00   0.75498E-07  -0.10000E+01
  0.00000E+00   0.00000E+00   0.10000E+01   0.75498E-07
 sie matrix
  0.20000E+02   0.00000E+00  -0.20000E+02   0.00000E+00
  0.00000E+00   0.00000E+00   0.00000E+00   0.00000E+00
 -0.20000E+02   0.00000E+00   0.20000E+02   0.00000E+00
  0.00000E+00   0.00000E+00   0.00000E+00   0.00000E+00
 sie1 matrix
  0.15100E-05   0.00000E+00  -0.15100E-05   0.00000E+00
  0.20000E+02   0.00000E+00  -0.20000E+02   0.00000E+00
 -0.15100E-05   0.00000E+00   0.15100E-05   0.00000E+00
 -0.20000E+02   0.00000E+00   0.20000E+02   0.00000E+00
 sie2 matrix
  0.11400E-12   0.15100E-05  -0.11400E-12  -0.15100E-05
  0.15100E-05   0.20000E+02  -0.15100E-05  -0.20000E+02
 -0.11400E-12  -0.15100E-05   0.11400E-12   0.15100E-05
 -0.15100E-05  -0.20000E+02   0.15100E-05   0.20000E+02
 s matrix
  0.27925E+02  0.42166E-05 -0.27925E+02 -0.42166E-05  0.00000E+00  0.00000E+00  0.00000E+00  0.00000E+00  0.00000E+00  0.00000E+00  0.00000E+00  0.00000E+00
  0.42166E-05  0.55851E+02 -0.42166E-05 -0.55851E+02  0.00000E+00  0.00000E+00  0.00000E+00  0.00000E+00  0.00000E+00  0.00000E+00  0.00000E+00  0.00000E+00
 -0.27925E+02 -0.42166E-05  0.27925E+02  0.42166E-05  0.00000E+00  0.00000E+00  0.00000E+00  0.00000E+00  0.00000E+00  0.00000E+00  0.00000E+00  0.00000E+00
 -0.42166E-05 -0.55851E+02  0.42166E-05  0.55851E+02  0.00000E+00  0.00000E+00  0.00000E+00  0.00000E+00  0.00000E+00  0.00000E+00  0.00000E+00  0.00000E+00
  0.00000E+00  0.00000E+00  0.00000E+00  0.00000E+00  0.83776E+02  0.12650E-04 -0.83776E+02 -0.12650E-04  0.00000E+00  0.00000E+00  0.00000E+00  0.00000E+00
  0.00000E+00  0.00000E+00  0.00000E+00  0.00000E+00  0.12650E-04  0.16755E+03 -0.12650E-04 -0.16755E+03  0.00000E+00  0.00000E+00  0.00000E+00  0.00000E+00
  0.00000E+00  0.00000E+00  0.00000E+00  0.00000E+00 -0.83776E+02 -0.12650E-04  0.83776E+02  0.12650E-04  0.00000E+00  0.00000E+00  0.00000E+00  0.00000E+00
  0.00000E+00  0.00000E+00  0.00000E+00  0.00000E+00 -0.12650E-04 -0.16755E+03  0.12650E-04  0.16755E+03  0.00000E+00  0.00000E+00  0.00000E+00  0.00000E+00
  0.00000E+00  0.00000E+00  0.00000E+00  0.00000E+00  0.00000E+00  0.00000E+00  0.00000E+00  0.00000E+00  0.00000E+00  0.00000E+00  0.00000E+00  0.00000E+00
  0.00000E+00  0.00000E+00  0.00000E+00  0.00000E+00  0.00000E+00  0.00000E+00  0.00000E+00  0.00000E+00  0.00000E+00  0.00000E+00  0.00000E+00  0.00000E+00
  0.00000E+00  0.00000E+00  0.00000E+00  0.00000E+00  0.00000E+00  0.00000E+00  0.00000E+00  0.00000E+00  0.00000E+00  0.00000E+00  0.00000E+00  0.00000E+00
  0.00000E+00  0.00000E+00  0.00000E+00  0.00000E+00  0.00000E+00  0.00000E+00  0.00000E+00  0.00000E+00  0.00000E+00  0.00000E+00  0.00000E+00  0.00000E+00
 
iav =           3
is =           1
 
pia =               0.0000000
rca =               4.0000000
pias =               0.0000000
av(1) =       2.792526880900065
av(2) =       8.377580642700195
av(3) =       4.188790321350098
 rotation matrix
  0.10000E+01   0.00000E+00   0.00000E+00   0.00000E+00
  0.00000E+00   0.10000E+01   0.00000E+00   0.00000E+00
  0.00000E+00   0.00000E+00   0.10000E+01   0.00000E+00
  0.00000E+00   0.00000E+00   0.00000E+00   0.10000E+01
 sie matrix
  0.10000E+02   0.00000E+00  -0.10000E+02   0.00000E+00
  0.00000E+00   0.00000E+00   0.00000E+00   0.00000E+00
 -0.10000E+02   0.00000E+00   0.10000E+02   0.00000E+00
  0.00000E+00   0.00000E+00   0.00000E+00   0.00000E+00
 sie1 matrix
  0.10000E+02   0.00000E+00  -0.10000E+02   0.00000E+00
  0.00000E+00   0.00000E+00   0.00000E+00   0.00000E+00
 -0.10000E+02   0.00000E+00   0.10000E+02   0.00000E+00
  0.00000E+00   0.00000E+00   0.00000E+00   0.00000E+00
 sie2 matrix
  0.10000E+02   0.00000E+00  -0.10000E+02   0.00000E+00
  0.00000E+00   0.00000E+00   0.00000E+00   0.00000E+00
 -0.10000E+02   0.00000E+00   0.10000E+02   0.00000E+00
  0.00000E+00   0.00000E+00   0.00000E+00   0.00000E+00
 s matrix
  0.27925E+02  0.42166E-05 -0.27925E+02 -0.42166E-05  0.00000E+00  0.00000E+00  0.00000E+00  0.00000E+00  0.00000E+00  0.00000E+00  0.00000E+00  0.00000E+00
  0.42166E-05  0.55851E+02 -0.42166E-05 -0.55851E+02  0.00000E+00  0.00000E+00  0.00000E+00  0.00000E+00  0.00000E+00  0.00000E+00  0.00000E+00  0.00000E+00
 -0.27925E+02 -0.42166E-05  0.27925E+02  0.42166E-05  0.00000E+00  0.00000E+00  0.00000E+00  0.00000E+00  0.00000E+00  0.00000E+00  0.00000E+00  0.00000E+00
 -0.42166E-05 -0.55851E+02  0.42166E-05  0.55851E+02  0.00000E+00  0.00000E+00  0.00000E+00  0.00000E+00  0.00000E+00  0.00000E+00  0.00000E+00  0.00000E+00
  0.00000E+00  0.00000E+00  0.00000E+00  0.00000E+00  0.83776E+02  0.12650E-04 -0.83776E+02 -0.12650E-04  0.00000E+00  0.00000E+00  0.00000E+00  0.00000E+00
  0.00000E+00  0.00000E+00  0.00000E+00  0.00000E+00  0.12650E-04  0.16755E+03 -0.12650E-04 -0.16755E+03  0.00000E+00  0.00000E+00  0.00000E+00  0.00000E+00
  0.00000E+00  0.00000E+00  0.00000E+00  0.00000E+00 -0.83776E+02 -0.12650E-04  0.83776E+02  0.12650E-04  0.00000E+00  0.00000E+00  0.00000E+00  0.00000E+00
  0.00000E+00  0.00000E+00  0.00000E+00  0.00000E+00 -0.12650E-04 -0.16755E+03  0.12650E-04  0.16755E+03  0.00000E+00  0.00000E+00  0.00000E+00  0.00000E+00
  0.00000E+00  0.00000E+00  0.00000E+00  0.00000E+00  0.00000E+00  0.00000E+00  0.00000E+00  0.00000E+00  0.41888E+02  0.00000E+00 -0.41888E+02  0.00000E+00
  0.00000E+00  0.00000E+00  0.00000E+00  0.00000E+00  0.00000E+00  0.00000E+00  0.00000E+00  0.00000E+00  0.00000E+00  0.00000E+00  0.00000E+00  0.00000E+00
  0.00000E+00  0.00000E+00  0.00000E+00  0.00000E+00  0.00000E+00  0.00000E+00  0.00000E+00  0.00000E+00 -0.41888E+02  0.00000E+00  0.41888E+02  0.00000E+00
  0.00000E+00  0.00000E+00  0.00000E+00  0.00000E+00  0.00000E+00  0.00000E+00  0.00000E+00  0.00000E+00  0.00000E+00  0.00000E+00  0.00000E+00  0.00000E+00
 
iav =           3
is =           2
 
pia =               1.5707963
rca =               4.0000000
pias =               0.0000000
av(1) =       2.792526880900065
av(2) =       8.377580642700195
av(3) =       4.188790321350098
 rotation matrix
  0.75498E-07  -0.10000E+01   0.00000E+00   0.00000E+00
  0.10000E+01   0.75498E-07   0.00000E+00   0.00000E+00
  0.00000E+00   0.00000E+00   0.75498E-07  -0.10000E+01
  0.00000E+00   0.00000E+00   0.10000E+01   0.75498E-07
 sie matrix
  0.20000E+02   0.00000E+00  -0.20000E+02   0.00000E+00
  0.00000E+00   0.00000E+00   0.00000E+00   0.00000E+00
 -0.20000E+02   0.00000E+00   0.20000E+02   0.00000E+00
  0.00000E+00   0.00000E+00   0.00000E+00   0.00000E+00
 sie1 matrix
  0.15100E-05   0.00000E+00  -0.15100E-05   0.00000E+00
  0.20000E+02   0.00000E+00  -0.20000E+02   0.00000E+00
 -0.15100E-05   0.00000E+00   0.15100E-05   0.00000E+00
 -0.20000E+02   0.00000E+00   0.20000E+02   0.00000E+00
 sie2 matrix
  0.11400E-12   0.15100E-05  -0.11400E-12  -0.15100E-05
  0.15100E-05   0.20000E+02  -0.15100E-05  -0.20000E+02
 -0.11400E-12  -0.15100E-05   0.11400E-12   0.15100E-05
 -0.15100E-05  -0.20000E+02   0.15100E-05   0.20000E+02
 s matrix
  0.27925E+02  0.42166E-05 -0.27925E+02 -0.42166E-05  0.00000E+00  0.00000E+00  0.00000E+00  0.00000E+00  0.00000E+00  0.00000E+00  0.00000E+00  0.00000E+00
  0.42166E-05  0.55851E+02 -0.42166E-05 -0.55851E+02  0.00000E+00  0.00000E+00  0.00000E+00  0.00000E+00  0.00000E+00  0.00000E+00  0.00000E+00  0.00000E+00
 -0.27925E+02 -0.42166E-05  0.27925E+02  0.42166E-05  0.00000E+00  0.00000E+00  0.00000E+00  0.00000E+00  0.00000E+00  0.00000E+00  0.00000E+00  0.00000E+00
 -0.42166E-05 -0.55851E+02  0.42166E-05  0.55851E+02  0.00000E+00  0.00000E+00  0.00000E+00  0.00000E+00  0.00000E+00  0.00000E+00  0.00000E+00  0.00000E+00
  0.00000E+00  0.00000E+00  0.00000E+00  0.00000E+00  0.83776E+02  0.12650E-04 -0.83776E+02 -0.12650E-04  0.00000E+00  0.00000E+00  0.00000E+00  0.00000E+00
  0.00000E+00  0.00000E+00  0.00000E+00  0.00000E+00  0.12650E-04  0.16755E+03 -0.12650E-04 -0.16755E+03  0.00000E+00  0.00000E+00  0.00000E+00  0.00000E+00
  0.00000E+00  0.00000E+00  0.00000E+00  0.00000E+00 -0.83776E+02 -0.12650E-04  0.83776E+02  0.12650E-04  0.00000E+00  0.00000E+00  0.00000E+00  0.00000E+00
  0.00000E+00  0.00000E+00  0.00000E+00  0.00000E+00 -0.12650E-04 -0.16755E+03  0.12650E-04  0.16755E+03  0.00000E+00  0.00000E+00  0.00000E+00  0.00000E+00
  0.00000E+00  0.00000E+00  0.00000E+00  0.00000E+00  0.00000E+00  0.00000E+00  0.00000E+00  0.00000E+00  0.41888E+02  0.63249E-05 -0.41888E+02 -0.63249E-05
  0.00000E+00  0.00000E+00  0.00000E+00  0.00000E+00  0.00000E+00  0.00000E+00  0.00000E+00  0.00000E+00  0.63249E-05  0.83776E+02 -0.63249E-05 -0.83776E+02
  0.00000E+00  0.00000E+00  0.00000E+00  0.00000E+00  0.00000E+00  0.00000E+00  0.00000E+00  0.00000E+00 -0.41888E+02 -0.63249E-05  0.41888E+02  0.63249E-05
  0.00000E+00  0.00000E+00  0.00000E+00  0.00000E+00  0.00000E+00  0.00000E+00  0.00000E+00  0.00000E+00 -0.63249E-05 -0.83776E+02  0.63249E-05  0.83776E+02
