 L=               2.0000000
stifks =      10.000000000000000
stifkn =      20.000000000000000
 
iav =           1
is =           1
 
pia =               1.5707963
rca =               0.0000000
pias =               1.5707963
av(1) =       4.188790163227659
av(2) =      16.755161285400390
av(3) =       4.188790479472536
 rotation matrix
  0.75498E-07  -0.10000E+01   0.00000E+00   0.00000E+00
  0.10000E+01   0.75498E-07   0.00000E+00   0.00000E+00
  0.00000E+00   0.00000E+00   0.75498E-07  -0.10000E+01
  0.00000E+00   0.00000E+00   0.10000E+01   0.75498E-07
 sie matrix
  0.10000E+02   0.00000E+00  -0.10000E+02   0.00000E+00
  0.00000E+00   0.00000E+00   0.00000E+00   0.00000E+00
 -0.10000E+02   0.00000E+00   0.10000E+02   0.00000E+00
  0.00000E+00   0.00000E+00   0.00000E+00   0.00000E+00
 sie1 matrix
  0.75498E-06   0.00000E+00  -0.75498E-06   0.00000E+00
  0.10000E+02   0.00000E+00  -0.10000E+02   0.00000E+00
 -0.75498E-06   0.00000E+00   0.75498E-06   0.00000E+00
 -0.10000E+02   0.00000E+00   0.10000E+02   0.00000E+00
 sie2 matrix
  0.56999E-13   0.75498E-06  -0.56999E-13  -0.75498E-06
  0.75498E-06   0.10000E+02  -0.75498E-06  -0.10000E+02
 -0.56999E-13  -0.75498E-06   0.56999E-13   0.75498E-06
 -0.75498E-06  -0.10000E+02   0.75498E-06   0.10000E+02
 s matrix
  0.23876E-12  0.31624E-05 -0.23876E-12 -0.31624E-05  0.00000E+00  0.00000E+00  0.00000E+00  0.00000E+00  0.00000E+00  0.00000E+00  0.00000E+00  0.00000E+00
  0.31624E-05  0.41888E+02 -0.31624E-05 -0.41888E+02  0.00000E+00  0.00000E+00  0.00000E+00  0.00000E+00  0.00000E+00  0.00000E+00  0.00000E+00  0.00000E+00
 -0.23876E-12 -0.31624E-05  0.23876E-12  0.31624E-05  0.00000E+00  0.00000E+00  0.00000E+00  0.00000E+00  0.00000E+00  0.00000E+00  0.00000E+00  0.00000E+00
 -0.31624E-05 -0.41888E+02  0.31624E-05  0.41888E+02  0.00000E+00  0.00000E+00  0.00000E+00  0.00000E+00  0.00000E+00  0.00000E+00  0.00000E+00  0.00000E+00
  0.00000E+00  0.00000E+00  0.00000E+00  0.00000E+00  0.00000E+00  0.00000E+00  0.00000E+00  0.00000E+00  0.00000E+00  0.00000E+00  0.00000E+00  0.00000E+00
  0.00000E+00  0.00000E+00  0.00000E+00  0.00000E+00  0.00000E+00  0.00000E+00  0.00000E+00  0.00000E+00  0.00000E+00  0.00000E+00  0.00000E+00  0.00000E+00
  0.00000E+00  0.00000E+00  0.00000E+00  0.00000E+00  0.00000E+00  0.00000E+00  0.00000E+00  0.00000E+00  0.00000E+00  0.00000E+00  0.00000E+00  0.00000E+00
  0.00000E+00  0.00000E+00  0.00000E+00  0.00000E+00  0.00000E+00  0.00000E+00  0.00000E+00  0.00000E+00  0.00000E+00  0.00000E+00  0.00000E+00  0.00000E+00
  0.00000E+00  0.00000E+00  0.00000E+00  0.00000E+00  0.00000E+00  0.00000E+00  0.00000E+00  0.00000E+00  0.00000E+00  0.00000E+00  0.00000E+00  0.00000E+00
  0.00000E+00  0.00000E+00  0.00000E+00  0.00000E+00  0.00000E+00  0.00000E+00  0.00000E+00  0.00000E+00  0.00000E+00  0.00000E+00  0.00000E+00  0.00000E+00
  0.00000E+00  0.00000E+00  0.00000E+00  0.00000E+00  0.00000E+00  0.00000E+00  0.00000E+00  0.00000E+00  0.00000E+00  0.00000E+00  0.00000E+00  0.00000E+00
  0.00000E+00  0.00000E+00  0.00000E+00  0.00000E+00  0.00000E+00  0.00000E+00  0.00000E+00  0.00000E+00  0.00000E+00  0.00000E+00  0.00000E+00  0.00000E+00
 
iav =           1
is =           2
 
pia =               3.1415925
rca =               0.0000000
pias =               1.5707963
av(1) =       4.188790163227659
av(2) =      16.755161285400390
av(3) =       4.188790479472536
 rotation matrix
 -0.10000E+01  -0.15100E-06   0.00000E+00   0.00000E+00
  0.15100E-06  -0.10000E+01   0.00000E+00   0.00000E+00
  0.00000E+00   0.00000E+00  -0.10000E+01  -0.15100E-06
  0.00000E+00   0.00000E+00   0.15100E-06  -0.10000E+01
 sie matrix
  0.20000E+02   0.00000E+00  -0.20000E+02   0.00000E+00
  0.00000E+00   0.00000E+00   0.00000E+00   0.00000E+00
 -0.20000E+02   0.00000E+00   0.20000E+02   0.00000E+00
  0.00000E+00   0.00000E+00   0.00000E+00   0.00000E+00
 sie1 matrix
 -0.20000E+02   0.00000E+00   0.20000E+02   0.00000E+00
  0.30199E-05   0.00000E+00  -0.30199E-05   0.00000E+00
  0.20000E+02   0.00000E+00  -0.20000E+02   0.00000E+00
 -0.30199E-05   0.00000E+00   0.30199E-05   0.00000E+00
 sie2 matrix
  0.20000E+02  -0.30199E-05  -0.20000E+02   0.30199E-05
 -0.30199E-05   0.45599E-12   0.30199E-05  -0.45599E-12
 -0.20000E+02   0.30199E-05   0.20000E+02  -0.30199E-05
  0.30199E-05  -0.45599E-12  -0.30199E-05   0.45599E-12
 s matrix
  0.83776E+02 -0.94873E-05 -0.83776E+02  0.94873E-05  0.00000E+00  0.00000E+00  0.00000E+00  0.00000E+00  0.00000E+00  0.00000E+00  0.00000E+00  0.00000E+00
 -0.94873E-05  0.41888E+02  0.94873E-05 -0.41888E+02  0.00000E+00  0.00000E+00  0.00000E+00  0.00000E+00  0.00000E+00  0.00000E+00  0.00000E+00  0.00000E+00
 -0.83776E+02  0.94873E-05  0.83776E+02 -0.94873E-05  0.00000E+00  0.00000E+00  0.00000E+00  0.00000E+00  0.00000E+00  0.00000E+00  0.00000E+00  0.00000E+00
  0.94873E-05 -0.41888E+02 -0.94873E-05  0.41888E+02  0.00000E+00  0.00000E+00  0.00000E+00  0.00000E+00  0.00000E+00  0.00000E+00  0.00000E+00  0.00000E+00
  0.00000E+00  0.00000E+00  0.00000E+00  0.00000E+00  0.00000E+00  0.00000E+00  0.00000E+00  0.00000E+00  0.00000E+00  0.00000E+00  0.00000E+00  0.00000E+00
  0.00000E+00  0.00000E+00  0.00000E+00  0.00000E+00  0.00000E+00  0.00000E+00  0.00000E+00  0.00000E+00  0.00000E+00  0.00000E+00  0.00000E+00  0.00000E+00
  0.00000E+00  0.00000E+00  0.00000E+00  0.00000E+00  0.00000E+00  0.00000E+00  0.00000E+00  0.00000E+00  0.00000E+00  0.00000E+00  0.00000E+00  0.00000E+00
  0.00000E+00  0.00000E+00  0.00000E+00  0.00000E+00  0.00000E+00  0.00000E+00  0.00000E+00  0.00000E+00  0.00000E+00  0.00000E+00  0.00000E+00  0.00000E+00
  0.00000E+00  0.00000E+00  0.00000E+00  0.00000E+00  0.00000E+00  0.00000E+00  0.00000E+00  0.00000E+00  0.00000E+00  0.00000E+00  0.00000E+00  0.00000E+00
  0.00000E+00  0.00000E+00  0.00000E+00  0.00000E+00  0.00000E+00  0.00000E+00  0.00000E+00  0.00000E+00  0.00000E+00  0.00000E+00  0.00000E+00  0.00000E+00
  0.00000E+00  0.00000E+00  0.00000E+00  0.00000E+00  0.00000E+00  0.00000E+00  0.00000E+00  0.00000E+00  0.00000E+00  0.00000E+00  0.00000E+00  0.00000E+00
  0.00000E+00  0.00000E+00  0.00000E+00  0.00000E+00  0.00000E+00  0.00000E+00  0.00000E+00  0.00000E+00  0.00000E+00  0.00000E+00  0.00000E+00  0.00000E+00
 
iav =           2
is =           1
 
pia =               1.5707963
rca =               0.0000000
pias =               1.5707963
av(1) =       4.188790163227659
av(2) =      16.755161285400390
av(3) =       4.188790479472536
 rotation matrix
  0.75498E-07  -0.10000E+01   0.00000E+00   0.00000E+00
  0.10000E+01   0.75498E-07   0.00000E+00   0.00000E+00
  0.00000E+00   0.00000E+00   0.75498E-07  -0.10000E+01
  0.00000E+00   0.00000E+00   0.10000E+01   0.75498E-07
 sie matrix
  0.10000E+02   0.00000E+00  -0.10000E+02   0.00000E+00
  0.00000E+00   0.00000E+00   0.00000E+00   0.00000E+00
 -0.10000E+02   0.00000E+00   0.10000E+02   0.00000E+00
  0.00000E+00   0.00000E+00   0.00000E+00   0.00000E+00
 sie1 matrix
  0.75498E-06   0.00000E+00  -0.75498E-06   0.00000E+00
  0.10000E+02   0.00000E+00  -0.10000E+02   0.00000E+00
 -0.75498E-06   0.00000E+00   0.75498E-06   0.00000E+00
 -0.10000E+02   0.00000E+00   0.10000E+02   0.00000E+00
 sie2 matrix
  0.56999E-13   0.75498E-06  -0.56999E-13  -0.75498E-06
  0.75498E-06   0.10000E+02  -0.75498E-06  -0.10000E+02
 -0.56999E-13  -0.75498E-06   0.56999E-13   0.75498E-06
 -0.75498E-06  -0.10000E+02   0.75498E-06   0.10000E+02
 s matrix
  0.83776E+02 -0.94873E-05 -0.83776E+02  0.94873E-05  0.00000E+00  0.00000E+00  0.00000E+00  0.00000E+00  0.00000E+00  0.00000E+00  0.00000E+00  0.00000E+00
 -0.94873E-05  0.41888E+02  0.94873E-05 -0.41888E+02  0.00000E+00  0.00000E+00  0.00000E+00  0.00000E+00  0.00000E+00  0.00000E+00  0.00000E+00  0.00000E+00
 -0.83776E+02  0.94873E-05  0.83776E+02 -0.94873E-05  0.00000E+00  0.00000E+00  0.00000E+00  0.00000E+00  0.00000E+00  0.00000E+00  0.00000E+00  0.00000E+00
  0.94873E-05 -0.41888E+02 -0.94873E-05  0.41888E+02  0.00000E+00  0.00000E+00  0.00000E+00  0.00000E+00  0.00000E+00  0.00000E+00  0.00000E+00  0.00000E+00
  0.00000E+00  0.00000E+00  0.00000E+00  0.00000E+00  0.95503E-12  0.12650E-04 -0.95503E-12 -0.12650E-04  0.00000E+00  0.00000E+00  0.00000E+00  0.00000E+00
  0.00000E+00  0.00000E+00  0.00000E+00  0.00000E+00  0.12650E-04  0.16755E+03 -0.12650E-04 -0.16755E+03  0.00000E+00  0.00000E+00  0.00000E+00  0.00000E+00
  0.00000E+00  0.00000E+00  0.00000E+00  0.00000E+00 -0.95503E-12 -0.12650E-04  0.95503E-12  0.12650E-04  0.00000E+00  0.00000E+00  0.00000E+00  0.00000E+00
  0.00000E+00  0.00000E+00  0.00000E+00  0.00000E+00 -0.12650E-04 -0.16755E+03  0.12650E-04  0.16755E+03  0.00000E+00  0.00000E+00  0.00000E+00  0.00000E+00
  0.00000E+00  0.00000E+00  0.00000E+00  0.00000E+00  0.00000E+00  0.00000E+00  0.00000E+00  0.00000E+00  0.00000E+00  0.00000E+00  0.00000E+00  0.00000E+00
  0.00000E+00  0.00000E+00  0.00000E+00  0.00000E+00  0.00000E+00  0.00000E+00  0.00000E+00  0.00000E+00  0.00000E+00  0.00000E+00  0.00000E+00  0.00000E+00
  0.00000E+00  0.00000E+00  0.00000E+00  0.00000E+00  0.00000E+00  0.00000E+00  0.00000E+00  0.00000E+00  0.00000E+00  0.00000E+00  0.00000E+00  0.00000E+00
  0.00000E+00  0.00000E+00  0.00000E+00  0.00000E+00  0.00000E+00  0.00000E+00  0.00000E+00  0.00000E+00  0.00000E+00  0.00000E+00  0.00000E+00  0.00000E+00
 
iav =           2
is =           2
 
pia =               3.1415925
rca =               0.0000000
pias =               1.5707963
av(1) =       4.188790163227659
av(2) =      16.755161285400390
av(3) =       4.188790479472536
 rotation matrix
 -0.10000E+01  -0.15100E-06   0.00000E+00   0.00000E+00
  0.15100E-06  -0.10000E+01   0.00000E+00   0.00000E+00
  0.00000E+00   0.00000E+00  -0.10000E+01  -0.15100E-06
  0.00000E+00   0.00000E+00   0.15100E-06  -0.10000E+01
 sie matrix
  0.20000E+02   0.00000E+00  -0.20000E+02   0.00000E+00
  0.00000E+00   0.00000E+00   0.00000E+00   0.00000E+00
 -0.20000E+02   0.00000E+00   0.20000E+02   0.00000E+00
  0.00000E+00   0.00000E+00   0.00000E+00   0.00000E+00
 sie1 matrix
 -0.20000E+02   0.00000E+00   0.20000E+02   0.00000E+00
  0.30199E-05   0.00000E+00  -0.30199E-05   0.00000E+00
  0.20000E+02   0.00000E+00  -0.20000E+02   0.00000E+00
 -0.30199E-05   0.00000E+00   0.30199E-05   0.00000E+00
 sie2 matrix
  0.20000E+02  -0.30199E-05  -0.20000E+02   0.30199E-05
 -0.30199E-05   0.45599E-12   0.30199E-05  -0.45599E-12
 -0.20000E+02   0.30199E-05   0.20000E+02  -0.30199E-05
  0.30199E-05  -0.45599E-12  -0.30199E-05   0.45599E-12
 s matrix
  0.83776E+02 -0.94873E-05 -0.83776E+02  0.94873E-05  0.00000E+00  0.00000E+00  0.00000E+00  0.00000E+00  0.00000E+00  0.00000E+00  0.00000E+00  0.00000E+00
 -0.94873E-05  0.41888E+02  0.94873E-05 -0.41888E+02  0.00000E+00  0.00000E+00  0.00000E+00  0.00000E+00  0.00000E+00  0.00000E+00  0.00000E+00  0.00000E+00
 -0.83776E+02  0.94873E-05  0.83776E+02 -0.94873E-05  0.00000E+00  0.00000E+00  0.00000E+00  0.00000E+00  0.00000E+00  0.00000E+00  0.00000E+00  0.00000E+00
  0.94873E-05 -0.41888E+02 -0.94873E-05  0.41888E+02  0.00000E+00  0.00000E+00  0.00000E+00  0.00000E+00  0.00000E+00  0.00000E+00  0.00000E+00  0.00000E+00
  0.00000E+00  0.00000E+00  0.00000E+00  0.00000E+00  0.33510E+03 -0.37949E-04 -0.33510E+03  0.37949E-04  0.00000E+00  0.00000E+00  0.00000E+00  0.00000E+00
  0.00000E+00  0.00000E+00  0.00000E+00  0.00000E+00 -0.37949E-04  0.16755E+03  0.37949E-04 -0.16755E+03  0.00000E+00  0.00000E+00  0.00000E+00  0.00000E+00
  0.00000E+00  0.00000E+00  0.00000E+00  0.00000E+00 -0.33510E+03  0.37949E-04  0.33510E+03 -0.37949E-04  0.00000E+00  0.00000E+00  0.00000E+00  0.00000E+00
  0.00000E+00  0.00000E+00  0.00000E+00  0.00000E+00  0.37949E-04 -0.16755E+03 -0.37949E-04  0.16755E+03  0.00000E+00  0.00000E+00  0.00000E+00  0.00000E+00
  0.00000E+00  0.00000E+00  0.00000E+00  0.00000E+00  0.00000E+00  0.00000E+00  0.00000E+00  0.00000E+00  0.00000E+00  0.00000E+00  0.00000E+00  0.00000E+00
  0.00000E+00  0.00000E+00  0.00000E+00  0.00000E+00  0.00000E+00  0.00000E+00  0.00000E+00  0.00000E+00  0.00000E+00  0.00000E+00  0.00000E+00  0.00000E+00
  0.00000E+00  0.00000E+00  0.00000E+00  0.00000E+00  0.00000E+00  0.00000E+00  0.00000E+00  0.00000E+00  0.00000E+00  0.00000E+00  0.00000E+00  0.00000E+00
  0.00000E+00  0.00000E+00  0.00000E+00  0.00000E+00  0.00000E+00  0.00000E+00  0.00000E+00  0.00000E+00  0.00000E+00  0.00000E+00  0.00000E+00  0.00000E+00
 
iav =           3
is =           1
 
pia =               1.5707963
rca =               0.0000000
pias =               1.5707963
av(1) =       4.188790163227659
av(2) =      16.755161285400390
av(3) =       4.188790479472536
 rotation matrix
  0.75498E-07  -0.10000E+01   0.00000E+00   0.00000E+00
  0.10000E+01   0.75498E-07   0.00000E+00   0.00000E+00
  0.00000E+00   0.00000E+00   0.75498E-07  -0.10000E+01
  0.00000E+00   0.00000E+00   0.10000E+01   0.75498E-07
 sie matrix
  0.10000E+02   0.00000E+00  -0.10000E+02   0.00000E+00
  0.00000E+00   0.00000E+00   0.00000E+00   0.00000E+00
 -0.10000E+02   0.00000E+00   0.10000E+02   0.00000E+00
  0.00000E+00   0.00000E+00   0.00000E+00   0.00000E+00
 sie1 matrix
  0.75498E-06   0.00000E+00  -0.75498E-06   0.00000E+00
  0.10000E+02   0.00000E+00  -0.10000E+02   0.00000E+00
 -0.75498E-06   0.00000E+00   0.75498E-06   0.00000E+00
 -0.10000E+02   0.00000E+00   0.10000E+02   0.00000E+00
 sie2 matrix
  0.56999E-13   0.75498E-06  -0.56999E-13  -0.75498E-06
  0.75498E-06   0.10000E+02  -0.75498E-06  -0.10000E+02
 -0.56999E-13  -0.75498E-06   0.56999E-13   0.75498E-06
 -0.75498E-06  -0.10000E+02   0.75498E-06   0.10000E+02
 s matrix
  0.83776E+02 -0.94873E-05 -0.83776E+02  0.94873E-05  0.00000E+00  0.00000E+00  0.00000E+00  0.00000E+00  0.00000E+00  0.00000E+00  0.00000E+00  0.00000E+00
 -0.94873E-05  0.41888E+02  0.94873E-05 -0.41888E+02  0.00000E+00  0.00000E+00  0.00000E+00  0.00000E+00  0.00000E+00  0.00000E+00  0.00000E+00  0.00000E+00
 -0.83776E+02  0.94873E-05  0.83776E+02 -0.94873E-05  0.00000E+00  0.00000E+00  0.00000E+00  0.00000E+00  0.00000E+00  0.00000E+00  0.00000E+00  0.00000E+00
  0.94873E-05 -0.41888E+02 -0.94873E-05  0.41888E+02  0.00000E+00  0.00000E+00  0.00000E+00  0.00000E+00  0.00000E+00  0.00000E+00  0.00000E+00  0.00000E+00
  0.00000E+00  0.00000E+00  0.00000E+00  0.00000E+00  0.33510E+03 -0.37949E-04 -0.33510E+03  0.37949E-04  0.00000E+00  0.00000E+00  0.00000E+00  0.00000E+00
  0.00000E+00  0.00000E+00  0.00000E+00  0.00000E+00 -0.37949E-04  0.16755E+03  0.37949E-04 -0.16755E+03  0.00000E+00  0.00000E+00  0.00000E+00  0.00000E+00
  0.00000E+00  0.00000E+00  0.00000E+00  0.00000E+00 -0.33510E+03  0.37949E-04  0.33510E+03 -0.37949E-04  0.00000E+00  0.00000E+00  0.00000E+00  0.00000E+00
  0.00000E+00  0.00000E+00  0.00000E+00  0.00000E+00  0.37949E-04 -0.16755E+03 -0.37949E-04  0.16755E+03  0.00000E+00  0.00000E+00  0.00000E+00  0.00000E+00
  0.00000E+00  0.00000E+00  0.00000E+00  0.00000E+00  0.00000E+00  0.00000E+00  0.00000E+00  0.00000E+00  0.23876E-12  0.31624E-05 -0.23876E-12 -0.31624E-05
  0.00000E+00  0.00000E+00  0.00000E+00  0.00000E+00  0.00000E+00  0.00000E+00  0.00000E+00  0.00000E+00  0.31624E-05  0.41888E+02 -0.31624E-05 -0.41888E+02
  0.00000E+00  0.00000E+00  0.00000E+00  0.00000E+00  0.00000E+00  0.00000E+00  0.00000E+00  0.00000E+00 -0.23876E-12 -0.31624E-05  0.23876E-12  0.31624E-05
  0.00000E+00  0.00000E+00  0.00000E+00  0.00000E+00  0.00000E+00  0.00000E+00  0.00000E+00  0.00000E+00 -0.31624E-05 -0.41888E+02  0.31624E-05  0.41888E+02
 
iav =           3
is =           2
 
pia =               3.1415925
rca =               0.0000000
pias =               1.5707963
av(1) =       4.188790163227659
av(2) =      16.755161285400390
av(3) =       4.188790479472536
 rotation matrix
 -0.10000E+01  -0.15100E-06   0.00000E+00   0.00000E+00
  0.15100E-06  -0.10000E+01   0.00000E+00   0.00000E+00
  0.00000E+00   0.00000E+00  -0.10000E+01  -0.15100E-06
  0.00000E+00   0.00000E+00   0.15100E-06  -0.10000E+01
 sie matrix
  0.20000E+02   0.00000E+00  -0.20000E+02   0.00000E+00
  0.00000E+00   0.00000E+00   0.00000E+00   0.00000E+00
 -0.20000E+02   0.00000E+00   0.20000E+02   0.00000E+00
  0.00000E+00   0.00000E+00   0.00000E+00   0.00000E+00
 sie1 matrix
 -0.20000E+02   0.00000E+00   0.20000E+02   0.00000E+00
  0.30199E-05   0.00000E+00  -0.30199E-05   0.00000E+00
  0.20000E+02   0.00000E+00  -0.20000E+02   0.00000E+00
 -0.30199E-05   0.00000E+00   0.30199E-05   0.00000E+00
 sie2 matrix
  0.20000E+02  -0.30199E-05  -0.20000E+02   0.30199E-05
 -0.30199E-05   0.45599E-12   0.30199E-05  -0.45599E-12
 -0.20000E+02   0.30199E-05   0.20000E+02  -0.30199E-05
  0.30199E-05  -0.45599E-12  -0.30199E-05   0.45599E-12
 s matrix
  0.83776E+02 -0.94873E-05 -0.83776E+02  0.94873E-05  0.00000E+00  0.00000E+00  0.00000E+00  0.00000E+00  0.00000E+00  0.00000E+00  0.00000E+00  0.00000E+00
 -0.94873E-05  0.41888E+02  0.94873E-05 -0.41888E+02  0.00000E+00  0.00000E+00  0.00000E+00  0.00000E+00  0.00000E+00  0.00000E+00  0.00000E+00  0.00000E+00
 -0.83776E+02  0.94873E-05  0.83776E+02 -0.94873E-05  0.00000E+00  0.00000E+00  0.00000E+00  0.00000E+00  0.00000E+00  0.00000E+00  0.00000E+00  0.00000E+00
  0.94873E-05 -0.41888E+02 -0.94873E-05  0.41888E+02  0.00000E+00  0.00000E+00  0.00000E+00  0.00000E+00  0.00000E+00  0.00000E+00  0.00000E+00  0.00000E+00
  0.00000E+00  0.00000E+00  0.00000E+00  0.00000E+00  0.33510E+03 -0.37949E-04 -0.33510E+03  0.37949E-04  0.00000E+00  0.00000E+00  0.00000E+00  0.00000E+00
  0.00000E+00  0.00000E+00  0.00000E+00  0.00000E+00 -0.37949E-04  0.16755E+03  0.37949E-04 -0.16755E+03  0.00000E+00  0.00000E+00  0.00000E+00  0.00000E+00
  0.00000E+00  0.00000E+00  0.00000E+00  0.00000E+00 -0.33510E+03  0.37949E-04  0.33510E+03 -0.37949E-04  0.00000E+00  0.00000E+00  0.00000E+00  0.00000E+00
  0.00000E+00  0.00000E+00  0.00000E+00  0.00000E+00  0.37949E-04 -0.16755E+03 -0.37949E-04  0.16755E+03  0.00000E+00  0.00000E+00  0.00000E+00  0.00000E+00
  0.00000E+00  0.00000E+00  0.00000E+00  0.00000E+00  0.00000E+00  0.00000E+00  0.00000E+00  0.00000E+00  0.83776E+02 -0.94873E-05 -0.83776E+02  0.94873E-05
  0.00000E+00  0.00000E+00  0.00000E+00  0.00000E+00  0.00000E+00  0.00000E+00  0.00000E+00  0.00000E+00 -0.94873E-05  0.41888E+02  0.94873E-05 -0.41888E+02
  0.00000E+00  0.00000E+00  0.00000E+00  0.00000E+00  0.00000E+00  0.00000E+00  0.00000E+00  0.00000E+00 -0.83776E+02  0.94873E-05  0.83776E+02 -0.94873E-05
  0.00000E+00  0.00000E+00  0.00000E+00  0.00000E+00  0.00000E+00  0.00000E+00  0.00000E+00  0.00000E+00  0.94873E-05 -0.41888E+02 -0.94873E-05  0.41888E+02
